3855291
6934491
8196171
11400500
13875821
14218008
15809852
20421076
21573834
22138829
23578044
25322842
30050908
33201755
33234696
37077237
38991077
41560853
44103966
45739212
49428205
51371501
55790957
56078058
58892601
60032567
62768495
63621633
65589510
65840005
66304911
66967058
69624909
72797029
79605166
82847054
83762739
84042051
84297577
88329618
89412667
91911378
95491445
95850248
98743998
101619841
101845850
103697867
103706022
104399242
107447830
108785541
110318640
110408877
110630385
111738155
112706271
116164531
116220433
118083153
122537503
123166977
123992133
127869346
128953260
134324460
135151880
135749237
135894198
136953780
138926834
141510956
141609045
147953045
149613387
151636809
152813777
156463289
156705666
159907873
160034929
161906279
164100863
165982601
167511358
168176751
168618575
169126137
169926464
170525199
171598872
171853428
173063657
173347861
175359788
176118156
179635383
181553708
185469612
188056498
188716708
190689009
192665957
193637608
194150314
195286398
202380730
206064472
207486632
208181636
211406120
212307981
213920373
214264821
216117398
216864864
218158016
218644012
222491862
224389574
225322465
226820579
227746908
227907708
230256930
233423555
233878509
234388247
235184122
237733800
240150108
240390846
241415604
246168306
246495572
247518243
247858151
250129044
250234470
250950613
252556895
253386894
259422557
261351542
263387832
267828452
271886114
275776946
277946964
278630426
281969781
284168181
290090930
294940673
299051502
299302084
299739239
312890264
314014281
315392313
317660804
318528354
321234326
321735723
328754158
329571468
329651678
329654093
330140100
331280982
331289874
331644832
346629211
346750873
348535764
354478552
355166082
357816075
358868052
359176255
360691157
361059300
362866106
366726440
369892088
370052942
372301340
377483043
378675958
383449352
385319760
385878281
388707311
390003220
390985997
392054754
394164102
397508488
398163933
399060454
400388136
401385217
404268861
407534948
412661236
413318340
413592524
414069402
417083777
417664580
419457023
427313896
432795141
435726902
436711330
438936614
439805914
440282063
441860743
441874879
449878599
450187586
452746291
453584665
454359497
457667266
458005553
464343059
466185331
466286167
468198367
468925403
470197751
472840335
475109575
475429732
475920560
476304558
478206153
478709359
479730760
479959160
480241568
481023645
482887671
489481712
495949622
496147701
496488809
496578118
497732467
498302408
498347119
499882602
500906305
504871681
504890678
507680464
508698747
509549911
513966983
516969045
519397341
522203032
522273067
526959210
527826413
529163840
535243432
541617312
542058764
544446402
547553988
551733182
558668690
565326371
565799727
566029012
566742820
569414708
574408525
575269240
576833456
577302472
583209866
583255627
583396429
584362898
585351699
585462352
585582991
587017931
588180255
592553357
601462313
601537005
605125693
606941890
607030164
608580753
608659596
609945647
610394963
618941068
619108531
619507700
621477471
622207165
622906628
633584329
634083954
634096356
638139595
639648572
642918166
646133566
652303928
653996642
665127256
665477928
667100899
668633844
669782588
669866708
670679038
672606965
675873262
678659173
680613629
680673454
681090805
684727165
692392340
692664194
695703013
697537638
700453338
701871581
703516766
705841279
705936472
710711944
711545600
714118544
714139401
714629343
715227279
723669584
727153212
729488589
730183156
731425657
734024848
735336523
735692218
735765321
743732625
744687440
744719423
746529926
748463761
748954455
753528451
757952522
758225522
759895308
762303069
765843612
768545909
768734757
769979245
778999560
782164429
782469501
783469193
785949927
791884821
791994299
794135302
797322854
797524854
799810683
799875218
800385994
801489442
801691527
803802625
804629917
805987116
807222788
807950776
810335006
811922547
812464950
819197223
821400737
821504549
826744802
829147187
829246091
830554805
831067709
831565322
831946272
832278445
837795817
838602791
845684478
846589771
848989409
853124041
854914313
855100517
856699220
857179572
858234653
859846842
864113662
864375060
864555917
865556084
869830068
871694112
871792201
874702784
875080940
875993739
877907715
880577602
880788602
881115978
881620432
885912383
887764735
889180764
889531100
890738297
891892302
895282446
896635456
901182713
904444192
905165260
908847605
910292661
913087578
914236028
914312711
915536239
917557950
920309226
920320354
920589718
923408212
925023006
927434561
930871897
931117753
944886273
946113604
951053080
952086751
952395965
953863980
956373923
960921177
961587358
972945991
973412042
974190721
976106862
978837293
979322512
979975538
981284302
982683308
982817177
986546091
988623257
988927999
990301744
991387043
994460859
995555336
1004481154
1007873199
1009782918
1017341362
1018711953
1018804549
1019974637
1021859723
1023132864
1024349690
1026761182
1030225980
1031787336
1034209280
1036228488
1036937239
1037078455
1037915700
1038343957
1038906880
1040934495
1041689085
1043482731
1047830280
1047918084
1049526629
1050386915
1061386109
1066506637
1068122918
1069838979
1069969109
1070979345
1071996235
1079836839
1082533076
1084001162
1088636181
1089785638
1090285824
1092946340
1094409346
1098409715
1109686658
1109971195
1110309482
1110336945
1111933736
1118347898
1119335938
1120282809
1120968448
1132296695
1132873484
1134183138
1134620766
1143612878
1144817775
1144892163
1147270502
1147342467
1148496587
1150209617
1151793822
1151943314
1154338085
1154373838
1155051841
1156918811
1158666381
1159062942
1159682819
1160453203
1164470498
1164555560
1167810781
1169761759
1171853703
1174047028
1182171334
1187435960
1193471243
1196741798
1197657458
1200488146
1200496436
1201971269
1202378944
1205477345
1206131028
1207853317
1208765813
1209205410
1209496062
1211547301
1213196611
1216958995
1218971494
1221201941
1221319799
1224705498
1225789833
1226432399
1235098830
1238443413
1239622597
1240421458
1243335561
1244681096
1246590462
1246708760
1248357020
1250355164
1251089832
1260388114
1261834611
1262277595
1262396645
1266734021
1269694812
1273104080
1274916211
1279174053
1279243811
1279645487
1284383385
1284572249
1285306840
1288588690
1288747603
1290007544
1291364395
1296519534
1297585887
1299223784
1303492532
1303652033
1304206198
1306446088
1310935981
1311993449
1312962231
1313675987
1317052189
1319533353
1319961038
1320208981
1322139694
1324876217
1328095301
1335011147
1337527293
1341481150
1341508997
1341770901
1343903987
1348376017
1351185262
1354631779
1356465497
1357519596
1357763266
1357765940
1360895054
1361757027
1363613060
1372967858
1375237770
1375598742
1376324865
1377840835
1384107247
1387654440
1391338815
1393648237
1400295788
1404005224
1405258461
1407676129
1409037200
1410390093
1413244483
1414186708
1415573617
1421479137
1424322917
1425007988
1425736640
1429414605
1429503222
1431692305
1433932811
1437693368
1439138219
1449252577
1452626368
1453893251
1455765107
1456260072
1460057562
1462287020
1467423264
1472496297
1474748931
1475644744
1478298979
1479781085
1480332403
1481413623
1483283537
1485048068
1485268914
1486753371
1488141453
1493237148
1494502586
1495046077
1503822132
1504685581
1504945161
1505090244
1506288208
1507112545
1508863556
1511645783
1513144158
1517688709
1520828313
1525931202
1526332255
1527345829
1527378258
1529406700
1529849978
1536078212
1536386881
1538320669
1541694716
1544998096
1546541559
1552329768
1555365310
1555907341
1556158219
1561871743
1562089520
1562402096
1580057449
1581625389
1583035878
1586885451
1587804440
1588253620
1588520566
1588872843
1589958252
1594094794
1594548534
1600876283
1606388492
1606777478
1610487696
1611325469
1613474271
1616273219
1619024050
1619308955
1620402330
1621058031
1624878647
1626777397
1631325235
1632200544
1632240446
1633532915
1636438253
1640554722
1645596835
1645646001
1649148931
1652225805
1652459091
1653808736
1654857609
1656794251
1660627059
1669174880
1670029928
1672196955
1674368084
1679534825
1680941313
1681752615
1685447705
1686982491
1687139171
1692787661
1696260952
1696961365
1697642659
1699102510
1702098987
1709428093
1711223430
1714123394
1716306255
1716745535
1720299151
1723002714
1723292966
1723487586
1723637822
1727463577
1727680377
1728462926
1728700024
1730783933
1732063652
1735201272
1735236980
1735873162
1736744870
1739688276
1742287111
1743486314
1743659840
1749555317
1750220660
1751218044
1755668535
1756381799
1756588328
1757704322
1757942015
1758422404
1761750866
1764133789
1768073414
1770734897
1770833026
1776165478
1781230139
1789145572
1791036864
1793315669
1794324626
1801794940
1808516868
1809507355
1813951765
1818307376
1818308696
1823293832
1824375534
1825479015
1826489641
1827083276
1827501608
1830359568
1834105183
1835260096
1838019015
1840192722
1842138354
1843386143
1845960071
1846311730
1851584451
1853575949
1856004240
1858772327
1859176475
1863671554
1865422147
1866294251
1866811865
1867551687
1869966376
1872639069
1873421605
1873588960
1875530270
1875725520
1877801859
1885803577
1888170117
1889238936
1889620212
1893170770
1893718411
1893958845
1901187416
1902144805
1903053389
1904623485
1904733503
1905799626
1907834666
1908439885
1909087709
1910036918
1911224228
1911808955
1917930764
1918281792
1920521847
1921209360
1923147569
1924627223
1924854317
1926996488
1929814182
1929901019
1933012137
1934758810
1936287150
1937361381
1939541619
1940493173
1940962432
1945699852
1947467268
1947973901
1949209970
1954192265
1955467444
1961548729
1963248373
1964513016
1965177748
1966171208
1970669301
1970921077
1972856046
1975066040
1977787178
1987697890
1988859502
1993383213
1995698370
1995796638
1997646689
2000127013
2002929215
2005131129
2008808279
2009463573
2011746813
2011922473
2012943149
2017520304
2017554507
2020788016
2027675341
2028474443
2029077737
2033012621
2034162697
2034292098
2039093574
2039603112
2039811241
2045344162
2052281478
2053291916
2054158668
2055601644
2058291504
2060107759
2060279567
2061517978
2065324663
2066410705
2067163037
2068391020
2070536647
2070543840
2076586243
2079609578
2084231198
2086279241
2086789064
2087031435
2087662781
2090806298
2091288084
2094256631
2096149520
2098560275
2105376484
2105528290
2106408025
2106475775
2107494443
2110370299
2113546799
2116893552
2118254395
2118743717
2118761565
2120747867
2125003858
2125627511
2126029298
2126480884
2127458387
2127615112
2130943705
2131944133
2132474700
2132753303
2133190293
2139409191
2140253748
2140787189
2144867266
